RT 1.0
#SIZE
400 400
#BACKGROUND
0. 120. 255.
#SURFACE
40.  30.    0.      70.  50.   0.      0.   0.   0.     30.   0.  0.  1.   !madeira
255. 255. 255.       0.   0.   0.      0.   0.   0.     30.   0.  0.  1.   !lustre
50.   50.  50.     200. 200. 200.      0.   0.   0.     30.   0.  0.  1.   !paredes
90.  100. 100.     150. 200. 200.      0.   0.   0.     30.   0.  0.  1.   !teto
50.   30.   0.      70.  70.   0.      0.   0.   0.     30.   0.  0.  1.   !piso
50.    0.  40.     100.   0.  90.      0.   0.   0.     30.   0.  0.  1.   !mesa
30.   30.   0.     150. 150.   0.      0.   0.   0.      0.   0.  0.  1.   !tapete
60.   40.   0.      80.  60.   0.      0.   0.   0.     30.   0.  0.  1.   !estante
30.    0.   0.     100.   0.   0.    200.  50.  50.     50.   0.  0.  1.   !bola
0.     0.  30.       0.   0. 100.     50.  50. 200.     30.   0.  0.  1.   !caixa
20.   20.  20.       0.   0.   0.    100. 100. 100.     80.   0.9  0.  1.   !quadro
255. 255.  40.       0.   0.   0.    100. 100. 100.     80.   0.  0.  1.   !desenho 1
30.   35. 255.       0.   0.   0.    100. 100. 100.     80.   0.  0.  1.   !desenho 2
255.  45.  40.       0.   0.   0.    100. 100. 100.     80.   0.  0.  1.   !desenho 3
35.  255.  40.       0.   0.   0.    100. 100. 100.     80.   0.  0.  1.   !desenho 4
255. 255. 255.       0.   0.   0.    100. 100. 100.     80.   0.  0.  1.   !desenho 5
#LIGHT
0.      12.   245.    200 200 200
-100.    0. -1000.    255 255 255
900.   -50.   245.    100 100 100
#FILM
35 35
#POSITION
280. -60. 245.    0. -100. 245.      0. 1. 0.
#GRID
2 2
#LENS
20
#MAXREFLEX
1
