RT 1.0
#SIZE
250 250
#BACKGROUND
110. 110. 110.
#SURFACE
20.   20.  100.       0.   0. 255.    255.  255.  255.   50.   0.  0.  1.
160. 160.  60.     180. 180.   0.    255.  255.  255.   40.   0.  0.  1.
#LIGHT
0. 20. 100.     255 255 255
#SPHERE
0  25.0     0.0  20.0  0.0
#BOX
;1   -80. -50.  -50.   50. -45.  50.
;1   -80. -50.  -60.   50. 50.  -50.
;1   -100. 25.  35.   70. 30.  40.
;
1   -100. -50.  35.   70. -45.  40.
1   -100.  95.  35.   70. 100.  40.
1   -100. -50.  -60.   70. -45.  -55.
1   -100.  95.  -60.   70. 100.  -55.
;
#FILM
35. 35.
#POSITION
150. 40. 90.   0. 0. 0.    0. 1. 0.
#GRID
1 1
#LENS
20.
